X1 X2 X3 X4 X5 X6 Y1 Y2 Y3 Y4 Y5 Y6
15.4959541175604 20.4288134454225 25.104352178744 31.4902417454843 43.681499657309 44.8292799139896 17.9867636763765 19.5133424046891 19.36999115195 26.3066489319085 27.4127249921773 26.1668862838604
20.2810262143398 26.1773810096729 35.8162438629375 40.8242620956821 53.5048500469174 67.4010961253199 24.5609143784445 24.7442254051007 26.741768673599 32.763849276574 34.4853659900355 37.2293021382879
27.9873013310831 31.9435755621505 36.7202154236656 46.2170658388797 66.8430871184449 72.3644533501085 19.4579408741679 25.0568875373727 26.0732712719386 26.2953425700627 38.8577955541725 38.4254566599777
18.6546930051876 26.6842529119853 32.0582146242815 35.9240258447163 45.2673280220297 63.3782533231652 17.7374095001098 28.2560347813017 24.9793154295697 28.7400366706422 28.0328088537843 38.6990618125892
13.1091051414172 24.9137469001331 33.2452165663315 41.0358939284246 49.8026163570077 64.4898637227759 23.5953875482122 24.1168800804497 22.543565996848 31.7192756089705 28.7716045982711 28.0720464697311
23.586459229295 24.2224349924228 39.1009434065076 53.7630490726411 58.9204976882787 79.8266255928985 14.144253534294 24.4101457248443 23.2789267987262 28.4191785655303 34.3859237369093 38.2449071638374
22.1994626275735 27.8952796311496 41.5893067359594 45.0044057785719 54.8066523669406 65.3105607373536 26.960794853908 26.3572858365571 31.7907358410442 41.4649803016824 42.4679871764849 40.2713063210248
17.7095795587881 27.4732966817571 33.7249940882833 50.7678475122484 52.6278771762017 76.1607957019873 13.6138714335392 14.3864321938302 18.8259880648378 24.7263093809105 27.5558223520345 31.6617929864986
21.5002595962508 31.4397496379709 34.686402369963 44.8376710175727 60.778065343655 64.8372103165289 18.986603555393 25.8442356733761 29.4732941256692 32.7520927876774 35.4211734212668 39.5239753586626
18.3901596903619 25.8709295965363 34.7036494324761 43.110918387868 54.3825615848902 66.5107782077563 16.6096177243933 19.8874829207805 21.297666743373 18.6683129772814 25.4959002534892 31.460428148905
22.7310046248214 28.9901215068804 33.3036281303167 50.1896288011172 56.2696256738224 66.7734216807762 17.4043401842506 18.5355379674357 25.6682139538183 23.5532927787655 29.4084653775312 32.0773362333352
21.6062310915076 33.9907512222682 35.0536561970527 46.4968650287639 60.9909309099385 73.9469775210397 16.9190026685463 18.8900381146472 28.266726850488 30.6312419382178 30.8277893903183 34.7004778164308
19.4879353866671 27.5130581357091 40.5432539410778 50.1777863329106 57.9797288181303 74.6794671086767 26.0909871913135 22.7036026676584 30.6350181422879 35.2322534570099 36.8969468414878 40.2245662354753
20.2168926191405 30.7598442906605 35.6407916565248 46.7713629207486 51.7838549844754 66.5620740132986 21.7274678610605 25.8323999392202 28.2002691542317 25.9667963158245 30.9656429839879 33.9650313227537
18.7522599655072 30.668781889525 37.6050940356842 50.163620800422 56.4988435705692 67.4134536036238 15.1464959600003 19.925124964322 23.4487381249683 32.0301620620322 26.802329725033 36.8786135767567
25.5020661592874 24.4918400630963 34.2077443468591 45.0157865384128 51.7104578059279 68.2694810529942 23.5634805220685 23.7308619523775 26.8394507200471 33.1535669069242 30.5947387798105 36.6631905430295
16.318289954543 24.8277520538595 34.9348360576921 47.785909018738 61.5222676571786 69.6306348980136 25.0528226084237 26.3461885869129 35.9590916870724 27.2554530646565 32.7188058041811 40.1750197387239
19.3637048711755 28.3092487538542 29.6901420086069 44.0979950106393 49.5127924794921 55.7157121293589 18.2529923599569 18.8624815870474 21.6188705562567 29.290463406993 32.4572024560315 36.3053888123613
22.6389513434382 29.1731118146876 34.4120571851679 43.0459331443257 59.4761727793036 64.7653595928248 18.3873552881159 23.0714779251794 26.3968055609607 25.4212617759713 33.5575788023157 36.0900759856537
20.5771265145419 30.3792395228933 33.5325060390367 42.7544562361545 55.2836724420561 67.8659143331039 24.0582442449754 29.3344791665369 25.4298080199842 39.7418045555316 37.2763233507659 38.4576522799333
23.1019573865615 32.3714493882831 41.2183322965815 54.6745067961231 68.1025603568477 83.0068711676771 19.3387025210589 27.7984616896747 27.8336110852943 31.2289168207121 34.97114916632 38.3746476200674
20.0350569302015 30.7245102384341 37.5049679307718 54.2543839680917 66.5955208062503 85.2252993968623 17.3469361491353 22.4917654784164 20.3322642543065 27.3780138590123 35.0078722334891 40.146624329366
15.4900062128595 25.1013936189775 26.1028023296188 36.4187259399198 42.1363810751519 55.7421843188608 18.7851259450206 21.6682246550329 21.7396846104358 28.7210734482387 28.6218336873063 32.4108498846966
18.8752557710248 26.0852196322948 40.6423746050856 48.1093164681147 55.8498759479326 68.2301820817278 28.7184534202903 25.1728315133749 26.8636847434953 32.8018608038757 38.857042281526 36.7073860051508
25.8799632000182 35.8293696554718 40.2183118631751 48.0563727272485 59.5510107491193 75.253454394358 21.9787897361031 27.3559697070815 24.4563644868253 26.7468435147577 31.8194076857186 38.1026912082317
22.1394282496074 32.9071215851054 36.4306923455683 51.5832871408763 71.2584859098285 89.6885061076734 19.8514810432006 28.3148757971876 29.6046757117096 26.9587498040801 38.2735340584963 45.4166899889657
21.2484393803296 29.5995766519066 33.7588996709878 37.8392605657015 47.1858286529811 55.5289017688206 22.0868756683745 22.4871954312729 23.0973639988028 25.9499725221065 36.4836321019856 35.4954927430333
18.3191043534738 22.2559911706178 33.7510211558051 45.1683113156048 55.6964909078205 66.6947071057179 20.6605702578888 21.0836604295328 17.005423481566 23.3978037234515 27.3681285533239 30.4165996541849
17.113750356932 30.833748956138 37.970512806795 42.9771654088425 58.7359847993969 67.8211034200058 23.8745430866674 21.6021900450509 20.4245119537882 37.1287353536599 34.3083507594218 35.3823239165397
24.2972580026186 23.0400859543815 32.822276955427 46.9186437707689 51.2560485120606 64.296652408238 17.0283846781813 14.3347686542926 24.1001716434007 23.7665773790159 30.7742943083249 30.2794527187636
18.3261989083749 26.2717507269227 35.6083736748055 47.9776218106795 55.7135907224357 64.001715777114 17.8784506625878 32.3354874477575 22.64553338748 24.9857687489084 34.6582573463853 33.1688883789439
18.6616754117527 23.1980926789537 37.0750103277203 44.8882354602828 60.0950537645844 72.7503084564587 20.2103250167873 26.1443236208402 32.3084961980857 29.6678353213135 33.6025070884362 35.0146029404234
19.3089363628568 28.0800428740316 39.6852488002821 51.7822442275201 67.4687316015884 86.0232230809405 19.3653934870102 20.0651274292364 27.2700226009397 32.3514680701551 38.8934244346765 42.1388956544172
18.5410404289193 27.6646851015961 36.3588010392083 46.8277007734089 56.132561050723 72.3913438003184 25.1949554415029 24.520360158046 28.3434414588886 31.7069968732292 35.4705399670249 45.9381413063234
19.6461023072255 28.1583946535641 30.2817974882868 34.4851428726226 50.116925484865 67.9423838118627 17.8371112400456 20.4425344762272 22.8303409004321 26.4358647755317 31.6136626339406 35.6916262246783
18.9840824926566 30.6723044631922 33.1007260267201 42.3518028601291 54.7368251435074 66.0029358040152 16.5218768036975 28.0560522309302 18.8263100322015 29.1197285969631 31.8041467204124 35.7097537460324
22.9710084714587 28.1871655710457 41.2137091849442 43.653580345401 60.1184610465283 73.1501063917815 21.2216322124135 23.9356180412328 27.480600566402 42.2127049180183 37.0703780393994 37.0900881683237
18.8502318377263 22.1977515711885 27.473879378445 34.6567977766114 48.8506242719225 56.1204592356684 17.3279202142493 18.1647970833195 18.2241962157098 24.578207586185 24.8818791267571 32.4250820867184
17.1608410359257 27.8605692642824 28.9229505854092 49.1484718859429 58.446625691076 72.0550622117775 27.6553395635679 29.008768382844 29.2258067696594 29.503389192507 41.033656976923 44.0506086366386
25.1789586814509 33.9377779066769 46.1218272869281 57.0177355272137 72.2156119754423 89.5794751623304 17.1542112865239 23.2190022114778 32.8876184112206 38.5434126557462 39.7317296909061 40.7552859613444
17.2110241706457 28.9781903840199 29.7031786247582 41.2587205876032 50.1599372930524 61.679454909683 16.1388439158715 19.1782949489122 26.3218128588775 23.0501491864284 23.301496469973 34.4954502344951
22.5064567468161 28.9638688238806 41.5226344550605 51.3768382770398 70.1464967751527 88.2466361394456 23.0948470961478 22.3177842087769 23.9257696231637 31.1152776197095 30.8274633834975 36.1130991919065
18.7611890914958 25.247551133758 35.9762075617914 36.1225243678462 44.937668290191 58.3853690149544 24.9708043176685 28.9360583307408 28.2064837115322 26.3652150992922 33.249266583442 36.5422634772966
20.5855934821907 29.5025291244273 33.6022000826982 44.6707265839723 55.5958665443981 69.2843178253885 14.2182588532149 15.4358581381621 20.2872688156385 27.2875683779097 27.9037566014035 28.5959128478198
15.173099059045 29.7388025527236 43.7981864967784 45.3282944624113 62.2855360464513 75.3972395323329 18.6824074500953 22.0792275797217 28.6240264925282 34.1687579446275 33.1717938039286 39.7526969063818
19.1371579393929 31.5617091698786 33.3487891451751 45.6299490052248 50.4266594349574 60.1954240751831 22.5439114768002 24.0635153689531 27.5094189868256 32.8424401445218 35.7358575746912 38.0374141509316
16.9512306090833 27.2502368171147 32.4471393890369 38.9509090989139 51.8859457087296 63.6999834871218 17.3407854765728 20.9190375165962 22.3613166035574 23.020942210165 31.8443439168263 36.618333516385
18.1178143802748 25.2967967966634 40.9715033063259 45.522793540886 52.035385239946 67.4032960846377 18.1991446299672 21.7229585844372 21.4260444930764 35.9095713058833 35.8366864461366 45.1431221317514
20.2642921203859 24.697817438116 27.712618035885 38.4541108959664 43.0681081502879 54.2075693767121 19.8939959836821 14.8280092921012 18.7193972250185 26.1141385962753 28.3239817649763 27.4848625360561
18.6483904687641 31.4802699844287 34.1925832070074 50.9034384048035 63.52261011236 82.6476684706892 27.4425369394045 26.5652459551317 26.143152559144 33.7292791374593 34.7314860304695 42.306125687953
19.5128082081126 27.2842394240935 39.7598770442958 48.9170131069437 65.6527404044264 80.5388947231053 18.4553311407304 26.3071753052608 25.3384694486673 29.5773608224309 35.3646096173581 41.0506916509582
25.0886696601304 30.7521061896444 40.2420595800051 56.7580924399243 67.2424057462458 80.8045914052519 22.1735666632813 29.2381835484653 33.4454443705413 42.4530874140585 42.9424551986973 42.9443873201037
21.078301601161 33.6320835636202 39.5630111283382 52.185156085908 72.2575683667546 84.2088329481605 18.8293195316348 20.2607963445832 20.0625906699275 25.0222439371632 35.2955424822327 37.4113100339918
20.104133964098 28.0668075745895 38.1354499143141 46.254613362656 62.7154776819401 75.7330284236071 19.6957371678042 23.3381809962372 27.9034762694487 27.2452017650088 31.5793890885446 42.1104793358079
20.6132275348709 31.2787528385844 46.0283983636999 59.697533810815 71.4004065778255 90.7778879524952 17.9859883935255 23.0396722305828 30.1514701513334 32.7464886714156 33.4618048916385 36.6483991630161
25.331481651003 23.5209909801653 37.2944175366395 50.8490215137519 54.0460468551244 75.2543802795357 15.340842450654 24.3667883929924 29.4584418299316 34.2460634022747 38.579724084913 37.5049377142553
17.277613225362 26.5969372797677 30.3412279233646 36.4139468669465 47.236005794491 54.3551683046928 22.8943995290844 20.1939512018123 22.8357056967928 24.8293714064888 35.0482525553572 34.9180924981591
27.6659827681191 28.7713812350139 40.8301197074933 44.7752516793346 57.8930722980654 74.6770399595804 22.8709199267887 29.8991692462738 33.902268717614 28.803601973673 41.5648502940245 43.8235622786106
19.9627537765183 28.146409845182 31.7592588301636 37.1497513777944 51.8226785723629 63.4739222042912 22.2241737932982 31.7097539305696 27.333397797192 28.6696966093462 27.7524094402863 35.7878534801734
29.0548771691203 25.2970945303693 34.3161600613984 44.8196376702082 54.9462822028792 69.9676811355966 20.5295766249499 24.7966661591287 24.6263003348021 32.023528002575 36.0628279399399 38.3235331029575
17.3912622069884 18.9521644887425 32.109555366335 35.1111007815609 45.3787828235298 57.1650022574049 21.6277646382892 20.8594423859176 24.3326835281799 32.4085755842031 30.162027149533 35.5674214134112
21.0063201458847 30.5429825834492 41.9895316457013 50.5780023009542 60.3223409203402 82.0080673362942 20.745270846761 26.8007121108091 33.0073368368267 32.221464116955 38.4776520008121 44.2559991217221
18.8891741371669 31.2115727906424 35.911709256837 44.5490197476375 58.1303301312936 74.4201274655775 14.9829398448182 27.6407177093767 34.78395437705 33.91036961281 39.0625278431823 50.1817537686384
17.0130540186347 26.0667916888894 31.8653841571131 38.848926074617 44.1679159039059 55.4977360936508 20.7399738831052 23.9536067290044 24.152470377882 23.572389872518 31.3633317276877 40.8902938733612
22.1820809058608 36.629987372766 47.8753622518754 46.8772483504335 67.3815987891901 74.7115341101429 23.1693166623803 22.1854721012806 26.6478101446593 30.3252453958786 39.6596981224277 46.3515652643612
19.9030146401874 35.1883107935258 42.7111879846891 59.3460723124159 70.7501184386744 84.0905607307686 21.9553740689209 27.0087278065478 33.3555609997514 34.0272907887337 36.9054572253045 43.0085702986918
24.485359289931 25.1586698068175 29.1337831526726 46.6833124351438 56.3672118098179 69.2129671900942 24.6656731819495 25.5620420491675 35.4057059046754 30.0080816833631 37.6023741750399 45.3505865432201
24.8005154566945 34.9137252432982 46.3443060621056 53.0911852896332 73.4808293803184 81.4362735732938 22.7445981103972 25.4375843852708 23.7459941079071 34.4697655377914 40.9764009876525 38.0954002667838
15.356028621471 31.3817759392021 29.6585695770802 42.5792615937078 55.7557568689522 66.2234914019677 13.2512446876833 21.1255816864969 29.6052384334639 25.5495054592184 30.962054461151 35.4938040718046
21.92368156133 22.344320773595 35.4839427005737 41.3059243797217 50.8494125382043 68.0536707097657 18.6733009724216 24.0105439493181 27.8722901453419 32.4806553095127 38.9012815778979 37.7994429163114
19.8467316757476 31.4019255877484 35.6421858980169 39.6757790735111 60.2543062584591 65.5735626937157 17.7911385400565 27.4444965801008 33.1093276136535 24.3097374589662 38.918874947823 35.1497593020818
20.3253673275403 31.6715013075658 35.2877175083225 45.99945243194 54.2349363545764 69.6382703246999 17.5816784671689 21.5917694287116 29.7093989851138 30.6247752594687 35.3506077213513 37.153489555816
22.4105796760463 27.9529334732332 37.3725955431127 40.2620505229475 51.6136753351946 62.0983869453293 21.7209208081853 29.385525873453 34.5373303799223 32.7303300207067 38.3915016215811 44.0183065650235
22.0758711276633 25.2097437420851 32.8500830044304 49.8353904391252 57.0867498983114 70.7145718036866 19.9535184026072 29.2897758375184 25.625582567217 35.7480312116891 36.0628605520748 42.5586389990122
18.444720474602 28.6628450981872 43.0455644001195 47.8369829441355 64.9802207568384 76.4563293805733 16.1064898329658 23.7765498421161 25.2653271956729 30.469194247407 31.3840420970271 34.8874004708814
16.7396327376265 24.8283931983117 31.6753232201416 34.7701379266227 46.9519833904335 61.0149430242093 19.6029168743218 24.5135373936227 22.5910252967628 26.8628386639448 31.2685731912868 29.7672591849695
23.0593162097662 30.7228946785056 35.3269858828235 47.3702819828331 61.6823238202252 81.1523192060099 20.0914189063163 21.6770639186192 25.0918381820902 29.2261103997665 37.2201296702693 43.1847811940296
22.3285292755022 25.4411177471587 30.4727525206238 40.8025293554544 52.2177301648006 67.5581719498323 27.0365524145034 29.1735930448054 27.1186968041072 27.9955526545674 28.9477116470687 35.7060706429298
17.8808789471634 22.2232674032536 34.2811747568882 47.0859263358327 61.0138703668063 77.7874677565768 29.4398773691703 25.2522578817597 35.7377625736647 34.2838115667103 42.3748320093331 42.3218562925224
26.7898451209197 27.6482013646278 39.0707651702478 46.2399906872854 61.5751451395631 73.9830788519401 16.2949801593552 21.664617291393 24.2923306692128 26.1067626508396 34.0366484327755 37.7762425809528
18.5957641742518 23.5467516728976 28.8544262007987 43.0467213109119 46.3738348991173 60.3937018434181 22.0639700747219 21.303627198911 18.6383648080824 28.573098825169 26.3689257491813 33.0657901033651
23.3689439409254 31.1371732894505 40.5106150953363 50.5516569156839 60.1853815170404 68.2205806209858 18.97138035875 23.3183408974906 20.8637383847548 37.0516637132647 34.312613005441 35.5632887169828
23.2942897301512 35.0552651920584 40.6232462939638 45.8176278587501 56.4354700068294 80.1202769324988 18.7542119644792 26.5142549334022 30.4362011800526 35.0631075277742 36.7670780887463 41.3079010572043
21.7449218211935 33.0493402874002 41.703156399243 57.1952410416471 79.4704570630412 94.0623352058536 23.5161821090946 21.691811381647 33.1718967999266 36.0670871197865 43.2645012091179 48.7572683074839
24.5005261190583 27.5492908492783 41.7918757881065 45.2553284057177 47.8676133859236 70.8895471531392 24.0798292950422 19.8489325719227 24.5416379623377 31.242624854189 31.2446291770458 36.5232747043815
20.3909455268578 23.091875014735 33.8595296385572 43.279372696412 59.1704924562337 71.8226640315359 18.6459864052902 28.1361390347953 24.0817528983264 31.4285309965732 35.6081589692892 37.1822550001932
18.8905525870186 30.2491992852556 37.5264198907022 51.6215279532337 57.3641851556687 76.7889332801129 20.4896361407436 19.8032101644414 20.177265377727 28.3921172767135 38.7580654838631 38.3809849431172
24.6209606828187 28.1307554917797 36.571436354175 50.1291724886051 62.0012792430105 82.8664708492372 26.5014186726441 22.2295667570711 33.2674194771694 33.6398761006898 40.1652403967216 38.8843684000717
20.2411198537891 30.3212973349873 42.1784778003627 43.2103591773022 64.9761664934221 84.3296445917152 20.1525810479621 31.350239705993 22.0528684759619 34.5749222652234 29.9274353940737 39.2412991794259
27.7978827152768 25.6734678930968 35.472586251459 41.4864728200823 55.1265582697528 72.2564665581942 18.0134500459998 24.6581483050588 23.9697304368599 24.8400130173789 32.4796868954743 35.617106281821
21.0333637939314 27.0953535012302 36.8071804988582 48.5756350271791 60.2800201658535 83.2801293225081 15.6416609602113 28.4117388643917 36.765757414079 36.5673865185991 39.886921351096 46.7572265766986
17.5170298077559 29.4368203139328 35.2259282473874 45.9244895925301 59.1314369433489 70.8038674802942 18.2710378997904 20.7945951867701 23.4124020636538 28.7053084375181 28.9644834012548 28.1112465130034
19.6792904244211 25.8661317445464 32.4064958355995 46.2512239769284 52.451861477042 57.9820881113372 20.3362097057347 22.8843392004089 21.0006640822141 22.8575739586263 30.358451806641 32.4610352084418
15.4622507401517 27.0858557010888 38.1537716388222 48.357349511953 50.6851425342124 61.9124244489058 21.045984927764 24.3461400178847 26.2849823400873 38.0377093807866 42.7156776677948 45.5647871233547
20.8802993317345 28.625812134914 43.3418760848707 50.7460138786376 67.5905994345592 77.2708041127323 21.9537119713675 23.9438297660105 21.4670458519809 31.2286999684484 39.8798637033108 42.5668535781334
20.3507926528781 35.7582544903735 37.6300912528353 48.5340874041469 56.9426072396063 66.0164496447603 23.6797922016663 27.8317102214606 33.7303165777162 31.2732239728603 37.2974370956154 37.2723193093432
22.8561969497632 26.8727640041585 35.0164219848294 36.2290643113625 42.7829558335472 56.5991139123037 22.3622400406543 20.3886121718116 23.0659085119257 24.15773912764 26.9569619006392 32.5337234994407
15.1321564988867 21.971675446843 33.9448513038996 38.3158899710214 47.4751088481664 64.4695768125771 24.3410786869183 23.726646018011 24.1189014299724 23.000042020564 32.5417391756548 27.0419998506601
24.3780328265428 27.4461458375107 38.6595287204884 45.9295358957032 58.636101510311 69.7932191787782 17.5402789624392 20.6091403414078 25.6708682551601 28.2926689835047 32.7459864471982 37.7032628557048
20.8279170735207 30.5191017906922 41.2800074335233 43.3341899539379 58.0611119082524 68.3269824695251 20.3433645034471 19.2242566869538 28.3043517894643 26.3239895607649 30.221646406241 32.513192241755
27.5401961115826 33.4596314384553 31.0675147591386 41.3235140787509 55.6606828985901 70.1349508992301 16.2514168122281 15.0475458158322 28.6765976160059 25.4984504599195 22.7057122994909 28.7458032086968
23.1210597730225 29.2921863057483 36.2491553269014 43.1206724400695 59.2206935802943 77.7521446475847 16.2956841379179 18.5957337722956 16.2548983511125 27.1250854741868 32.4663332286043 27.9609559955463
19.9068727446211 23.4780396344032 32.2936908470446 43.1332290276363 55.0582624622384 65.0972115837532 18.5084971894714 20.2975009787376 26.9148646863264 34.7554933945691 35.5489848704201 35.6406262024922
20.9462192783454 35.5796184033306 40.3914544000932 51.5008222140158 67.8203096561187 85.8610011393668 21.0681030419117 23.4356181595964 27.3609018470205 27.8168280183266 31.1841375805061 37.0663394388956
17.9537374448093 21.7332263480702 30.5408367764451 37.9241931057974 51.6797225301349 54.8364404324163 23.2686817978721 22.2995096240225 33.9817208673962 26.5239776321443 33.721736996005 39.2240382078469
18.9912399849631 23.1764693709049 32.7446787511129 45.9595975540606 50.2800937392014 63.4863739546658 17.6328109118458 20.0753609411411 24.6726049949036 27.4393939360696 31.9012576854461 35.478240535923
23.8487566986353 23.7184413156847 29.7088911968792 38.3639777040876 48.861978204889 60.8987005933992 20.7715579481373 18.084692151379 19.0240663329628 17.8513881904859 24.9034867993156 29.1285081889502
17.2840528231171 24.568396188796 29.4190766242934 48.8633095097418 51.140363286563 64.2789655219649 15.0700391624708 21.5286358295857 27.1529975162543 25.9626026194885 28.3657756556716 29.5462987883384
23.3335969627641 23.2350700643841 33.1285412747039 45.2084957116406 53.9017357057829 63.7406993787779 17.7037086373142 20.9812609384021 30.2193452896753 27.7493194412072 41.0529522358257 41.4889267488108
18.7733171351122 24.1567334402608 32.5421850033117 42.1753314792144 57.1234813888001 62.5669330548828 19.4481986434616 26.460105665748 21.9992750411141 36.8161549731144 32.3497536726772 35.5155203866621
21.3613596337905 35.2119959209554 36.9114030094513 52.9976011092413 58.5724995912371 79.2596314711839 24.9851353125934 22.4301614731784 23.8973216928435 31.0986168740729 33.7552961550993 43.5108911241068
22.8361065056904 23.034109535453 37.2511566275589 45.201931342448 59.4811794976341 70.8179886101116 16.7102569040044 24.2994706919805 30.6162164025902 32.4901316356892 36.9846830995529 33.196209389825
23.104426339983 33.5909271805909 43.1834204947627 54.2286289078595 72.7199961606327 87.357803481018 15.477653205792 21.5311531167717 36.3470063496117 31.0494767704276 37.1914332746424 41.131968154269
19.3892596028613 24.1229171704481 36.558895037805 47.2450090582387 58.8790252789214 74.4943363388351 16.163753502597 23.621428627064 31.7363453561041 28.2216998580991 28.9187645037942 41.2133581809196
22.7208505515329 29.1165861995163 38.8053395330266 47.7188983326816 65.2573886187746 77.3840889112258 16.2925851638611 24.9472535779246 28.5014737534507 35.0909407161057 38.0573204862455 36.9524739888003
19.7230057129439 28.5620878868175 39.9951331862779 42.4100190843966 55.9019581980964 75.4766286213593 18.8284198427326 31.2922257899485 24.7844290553333 29.7240461271365 34.8731321836233 39.8091985820702
17.9803488986647 25.3107671144052 37.4936939437779 38.5717551735283 52.1304657948742 61.906303141256 19.3140778827676 24.1686586288826 25.8253367754231 24.5465824657976 31.4023812022151 34.3023356992318
20.2843288055 22.992651948126 31.4400795713709 43.0400694722498 53.9541965755949 61.694183839789 19.1973211402494 22.6867544128578 32.2964134229432 34.5968281637242 39.3523371972397 43.4156206931721
14.3498059968849 21.8972444656786 28.080119307052 35.4686062591543 47.4186867120059 50.2919790137098 21.5430766702808 21.6166591916654 21.2376267058041 26.2679160880696 25.1832086829609 25.642509744232
15.904389617475 27.2929587974979 22.8557879585416 28.8316360667657 41.1498502751566 49.6900633154586 19.6752148884101 16.6748605998561 25.5342167514877 33.2211736913248 34.7019722403085 37.6590666797219
16.6502471592787 23.1677980428139 27.2791098802052 39.4155288782305 48.2846825578532 63.9377630045503 11.5715681109799 20.4687841854895 19.6588411540019 29.5494531717351 27.4953223628303 31.2651276322393
22.5481616398417 28.6739449850043 40.3375774148009 50.9870219190356 64.3806784999686 82.503935332405 18.3571900286903 24.0051224431012 34.3817690801513 26.554953033417 35.9360999387359 38.0355003537166
18.1281772837783 24.4560870156595 34.569115200443 42.7657907435181 52.7924381494458 62.8155884993883 20.3222993071684 26.7700142031892 26.2363352662435 31.5049841120869 39.6249396539561 41.2215139190559
25.1956221311364 28.3676099905304 34.3609376533974 45.8704988276228 51.8626714024195 67.0293569058075 24.9803927817697 20.9612951468949 31.547483052485 41.7777121650691 34.3939690511075 42.7912269514376
24.7343921581293 29.2497343746967 40.8481179350898 55.0297976457751 67.7840887399095 83.6130910922631 22.0819213772942 25.8184034982467 39.4199145788829 39.9134602785111 38.599698334176 50.999714559462
22.6828234801169 26.1350409739442 38.9108260755493 43.7406398456882 60.1610143403704 75.105353578182 22.4055365900501 24.1229930442407 26.4671548928856 34.2435402495717 34.2794046819303 33.1734799936402
19.5037731366631 29.7789962140812 29.3735882279391 37.796273526452 43.7759639564473 59.1851312595231 26.9171389716072 29.5567495283148 31.4889422281453 27.2977982056526 41.6637813043985 38.3512823762637
19.8145525878222 30.2428865188384 21.9733856964559 37.6575361063094 43.3875214036132 53.9860551352289 17.9175019354902 17.4266061771496 20.2221195861948 21.9844366059826 24.2227533536765 28.5370115783755
20.6030163064643 25.6978125615264 35.7274647136492 40.8379566216287 56.6917784706015 59.0313228808832 25.0913608684291 23.2305620891772 28.1848332147341 39.0989478971595 44.9121840773394 42.7356039100428
18.4370212597637 24.4923136399255 33.1247953771851 40.3512505092203 46.2944331263455 51.5212265178895 17.6258419005585 22.2103007284497 25.3400957179818 30.7080335495226 29.0027600523499 37.0155055238724
19.0055318090466 24.7845827569971 36.9448564089884 49.9743179256971 54.2195358650711 71.9427010667943 16.7651663215854 27.167600274585 28.4746562514588 32.7366237749293 31.5954529621694 37.2227586228139
18.2727325065456 32.163042025576 36.2835621072112 45.9674336673754 69.8290350843369 77.5759498465171 23.0611823194807 27.2190536317875 23.555946929786 35.3179185472393 36.5567394688358 41.3854037476163
18.8866746217178 23.2034655856825 39.8762205155608 40.3738974158277 49.7724270421237 68.4297197961859 20.2240038915157 25.6491784691855 29.8941943727513 30.3252044322089 34.7523887986786 36.8050058709254
14.9082393519162 19.1396369414854 24.1988728117873 33.5004607059295 39.2423238967994 52.9479149534877 18.945042490093 19.5891442243832 20.906547532555 25.8992037008784 24.5895742083002 27.1711218198361
21.6922586061851 29.802044581021 36.0079333130186 45.749347415283 67.300355979277 71.3315247082304 16.6984795501754 20.3193144559273 29.0330077218842 24.4851325389727 33.0326147868705 36.8664068789161
20.0515295365902 32.5090217501378 42.5907875592663 47.8217458476652 65.1807593314201 84.0210870828902 16.2825942116862 21.4224410706094 26.1687675209914 20.2584452536162 32.3647805076315 34.8582633527865
22.2660641988319 26.1986787297981 37.7753440790998 45.6470529752096 58.258317297447 70.9535731757995 20.5962091955583 23.5126278900702 26.8940110632261 30.8425075697772 38.1698304135324 35.272980596123
21.7740131666448 31.161908671931 37.8092602503283 54.7831029955011 61.4498747792369 80.525435472359 19.9262323910727 24.6787540855623 23.747639609423 33.5439151748222 33.8700879287887 40.3303956489541
21.314820190573 22.9638426817216 38.27763823013 43.5819658433415 52.0635011636202 64.0214317879374 16.3498843755586 18.6204577916212 23.9876731377936 20.6560023875007 30.6970211705823 34.570821229143
19.4451288473996 26.6788768841643 38.3450393359716 47.9856352549564 61.2049646143356 75.9876911825913 14.3602049128118 20.1286316595563 17.9283254766825 25.5333913890997 34.140846983897 29.691534624323
14.7920809813885 17.3086793131467 35.5472022709184 33.1249814161602 46.0893464886921 53.3039418828393 17.8422446694104 17.9826313756732 22.5714748467527 23.7915800974167 23.1710492015105 28.7453199565894
19.8930595459366 21.9035081757558 32.1402286290809 44.5122299947384 55.4402980618411 67.9235717708688 15.7232628714653 17.7718260679449 22.2216185654359 25.8124167294165 29.4820802066569 29.0251093654595
16.8121542542408 22.4440230289061 27.290640408457 35.8030853407952 37.0255264514974 47.2407749088103 17.4944019503751 15.9834124086196 19.9754161853501 28.78666281558 24.670116605573 29.8976247968815
22.0566255668673 21.0779877339206 37.5156046449462 49.5504499935608 63.2632244611561 69.9142840144495 14.0981360827977 21.7494448331773 22.2198834101359 22.7207531186366 31.6575363976577 29.3492519447298
23.2624772427119 29.2118322675785 38.5738167132766 52.3311374389361 54.3548372600626 73.4670293904836 24.720437527521 28.5291783247123 35.0413447704977 37.8538836377014 39.7317196564739 42.4594421924108
15.0001811776801 26.7901913418957 34.1302539305315 42.6737218022087 56.9174578985723 74.4368557443274 23.9343473874543 21.6056097981354 24.0644609197217 32.0500842446372 32.9951547636527 43.9641875709671
23.0266188081961 30.5551104107238 42.9897799936307 55.1962694607512 69.2896909820671 90.9110604694426 17.2554125719483 21.6724344178204 27.2323215328682 33.8367942050645 39.7456287825616 41.1919807842359
15.1394211483571 26.3040037142584 32.5291777185046 48.0340073892707 51.3855023870561 66.3394285412186 16.7301027564205 25.2375139917578 25.7167231269543 20.9803884552914 23.2195440054364 33.2807349124976
18.6182874647112 28.8406911852466 40.6301643401012 50.6530221281529 59.7020365323827 69.9763301177994 23.6784749719262 25.3302006006642 31.0825741336546 35.550839252452 33.6436716396568 46.7735344993273
32.3297127757262 31.0204737234451 44.7258881499841 53.611633841535 72.8101032827291 88.6250401817677 20.3405447300437 21.7313724155908 26.9933508171902 30.4885908978791 27.7536965007911 33.5312894570579
23.9225928998084 31.2828154839437 35.6526337763161 48.0879652794211 58.4781820961005 74.047539845003 26.1794904569532 28.5837361623364 25.2839314902885 30.5788882570906 30.1959010561048 36.5626696981308
16.2055473178451 25.9061331396447 34.6599987364611 37.3094157053035 50.9415033394988 67.5837931604749 26.4487033210115 22.0124275624576 28.9016164098017 29.5446913021191 35.492013109301 39.3040786598236
17.2294701023343 23.2961870876267 32.290272773269 33.7076263449289 43.1879254074779 58.2619979976758 24.6415997792133 25.0620392040108 29.4643087878466 32.1016513419193 34.3723406945332 39.0964880550399
23.7171446045149 31.9526438808993 39.8296873769425 55.4097416958771 70.0115441436972 84.5163814455664 21.9202993103215 21.4153122926409 31.4948813099298 32.9109391661025 35.6418171844773 43.8679339568646
20.0599374601077 29.8725160353458 39.8086415356804 52.5054480278546 61.749483686677 77.2231590922611 20.9820809851685 20.084254031868 25.4221120945363 28.7796389844615 30.5943161133916 34.1612122701495
21.7311059662091 32.4480333754078 35.2518379716062 38.1475914499204 48.3166318889968 59.8279222656867 20.2642675450747 21.8891077381774 25.9443184009977 32.2936403365997 32.3231821869056 38.8942703520877
18.1495739723784 22.1404250166284 33.4666649830164 37.3134685230332 53.0997958767293 61.8661334275054 19.2853038589429 23.9865412840522 24.9400173148429 27.9713426376552 26.7556609596975 36.4068097613299
16.7419597998347 23.0304555916628 27.8449256286547 35.8567104639364 43.3390454798805 61.4899373878154 17.446591879626 22.8773582795007 18.5131017203509 24.918491291349 28.0877513870584 31.0768745051062
21.4341436301901 30.3815708814939 31.8005370351262 42.5958132613453 51.7563915778862 63.5842843402306 15.2246397442337 22.6274752804163 23.4970378715124 25.8449350519007 29.4101274152266 32.7576526197681
12.2178378800078 21.6258546785364 26.0641259466386 34.7403795913045 41.8249440930813 53.606606527183 19.9938163467364 10.5986272438845 25.2368090746881 20.2386506773326 23.4314577717111 21.4907918644106
21.7403654944711 25.0129334317308 26.4600066123534 33.6608422796012 48.740755245164 62.283513579831 22.3304289214947 22.890378158013 19.2919849940123 20.071885532208 25.4833419172119 26.3807637731725
15.3668220388392 29.1336965741797 31.6027419869377 37.13792697725 45.4423386868517 56.1454810010861 15.5395025298639 23.8878687095702 26.4826201915193 27.9353236489793 31.4909436135396 32.7329566106349
22.6850070189783 25.2062966930907 36.4255939709723 47.0688398874762 50.2527224926999 60.8429619542661 21.7365794506974 22.5308087135664 24.116869531941 32.8012594831836 36.6063965464124 33.8260761804523
21.2500556665702 26.0070415611907 32.4501496111035 43.2807041185023 51.7336658710725 62.8117725317786 20.3356904317883 24.6588762784096 26.1203097814981 31.4516906527576 29.5176945915399 39.3577110530181
20.7920891001942 28.0473043068392 33.2601037534125 47.4093053223164 55.5460557279801 67.5238163399683 20.53109369648 22.8400699474695 24.6888116673469 28.1086343148712 33.3238372724263 37.8894799400188
17.7457557723814 24.9035650164152 31.479914223776 40.8246741366889 53.2342270885238 65.0933506326051 20.764168718286 20.1530554595681 23.3207675088575 24.9346418563839 30.6134141356161 33.413939076162
18.3820357765851 30.4729551809851 43.5925951094131 50.4559595677477 61.2602801402413 77.2047903010275 21.7814443252438 19.7957194938758 23.0865355984405 30.6331599378597 32.7697845098263 38.9454281877569
20.745042174383 20.5667193327158 32.2966405666992 35.1515767781779 50.1089373411211 63.3607249694974 21.5782508823194 26.7093413742658 27.8797657285064 33.6292223391909 36.151540234935 36.7663199983223
18.5087399164216 22.0165474636228 29.0057456353049 42.9363441776169 55.2644501005789 70.6788261348191 19.7190550249529 20.7280967769656 25.3068149742432 25.1557378841844 30.9896228479013 32.9958586973945
19.8981457559121 28.0914006805841 33.6022950845255 43.1436369029831 53.013951503218 66.0115543213457 22.2415247229392 21.1240189294821 25.8923282249673 19.6580531778322 23.5737989826926 27.1675037861119
18.7258513542264 26.4493009054121 35.2590759123822 52.8877094509107 57.6607520224569 72.5542562130825 21.2922114604265 25.2605488878303 28.3167256176787 28.5155218363262 36.0769654780446 37.0249634282575
22.1495957946454 24.6301129519377 38.4848794075721 38.8840549198224 53.5923236599246 64.6548938560274 17.5686194465742 24.2515727014938 32.5707679954177 31.0514780183866 35.1240373055812 48.4133875725875
21.5345836027993 23.8153601679797 30.6097429496196 33.7287301900168 43.4286523522306 53.5905431535624 21.3570442794122 25.4314559174713 30.909198984604 29.4909139515661 37.7210938813459 38.2739641217211
25.007600654299 25.3998661355063 36.6635493122755 45.1077874965621 58.3822167938227 63.2667817370373 20.8210795482052 18.7580310310549 25.9628744888859 22.9912248935119 32.9915725360463 35.955885828265
16.0563848780938 24.2009215166237 22.8660403104746 33.9678729394675 41.6194782298314 53.9192900918121 16.8478426088641 22.3728945030088 20.646072289401 23.0588462609551 25.2728342621078 33.2913052471822
14.41718234107 26.0084889281214 33.6052819251781 38.7636420560621 50.9740425658821 57.8102784661189 18.2642288281165 22.6577108670946 27.2455362427496 26.5709634752907 34.3205346471939 40.0428842936597
19.2738107693398 28.7864843920091 38.7090873213422 52.7445925098714 61.9336895771278 72.2347547715369 23.5379891407904 25.6889088153162 40.2856100514821 29.6935342141213 33.3749886461864 44.9046394773246
27.2061409062257 26.0140716047865 38.9272318615451 46.4316889632699 64.9691738742335 72.7478121046457 18.718986782749 14.4325896053079 27.8180541154029 30.0455584100725 38.8761207513778 44.2736274387833
29.8296625880059 35.1203656663435 52.577522422967 61.9820691660985 78.725995857304 93.0110956806341 17.1969342966221 21.8025304552739 27.6434304349312 32.7317111869807 40.1908132145691 40.5691069185351
18.0949924746795 25.036587495291 30.9147631636246 45.8801691156577 57.7131067896863 57.799104369527 19.81410043426 19.6200698372134 30.1516410417869 24.5812692662991 21.3800316230257 28.3724746294131
24.4323614418261 23.9187941699404 35.7797713905409 43.4994167492022 53.4019883258419 67.8554211267484 23.9531931460135 30.2333804479003 25.245126548106 30.9890498030538 40.5105198125039 40.9151180025729
18.5305207659153 29.4069414856846 37.497748731163 46.3820441797868 55.7588032331005 73.086744789475 18.6819308838013 27.512651764467 29.3442439253941 26.4432260152381 32.696167772552 32.0493288046659
24.0714779756423 27.577065914744 32.0975240311938 47.409236766297 57.1105568653367 73.2892073995466 17.6615986892492 19.1901766459656 23.7504808600433 30.9649528545478 33.2564004712357 39.579526355816
15.8690909716842 25.4573058394053 39.7344374225169 40.6660436773504 47.9814701294902 64.3451186285771 17.2118905151625 28.2051702510746 27.5462584321638 32.4306366309125 34.2694812390021 41.7043211862761
15.9881468295944 18.4645593820114 26.7445757594953 38.3044465087224 34.5418761742121 51.3350589779519 14.2940747955002 18.2325732665418 21.3515881535994 25.1281354404568 25.6323877054011 33.433496483082
20.2803911618993 30.3338189062607 40.984242902607 56.949376596661 66.0795945021154 77.6929512020652 19.7201390809447 21.995953098591 28.736934446922 30.2909949677878 33.2826333443276 37.9254652962216
19.4026409680022 23.210247536846 38.355824883897 43.104027753691 64.5106612383663 70.5168154735783 17.6019315703161 21.3782370635572 19.0101082294161 22.7330320811419 26.8916565690589 32.2861513729821
17.1145999117771 20.5720741300383 39.7186436572474 43.0886768361562 55.9967846943658 69.7455919090081 21.361598747011 25.2924515703822 28.1279638385515 30.6866985993272 37.231272933788 40.5333290454217
17.9867650234653 21.5707145450884 34.4733764084812 34.3651344323176 45.6627494748098 53.5902172296862 15.5294378549301 20.9149469175916 24.3170545880502 26.0213707345252 29.4721151700792 31.4437501159519
16.9874074203051 21.2051747395427 37.3544964669085 36.6323506555556 44.2599439523556 51.1031984300671 23.4671556636966 25.7329864128597 30.4243654166644 31.0262739331998 36.1644211422158 44.5018539393804
22.7158471325613 33.2368396404736 47.7522805115864 49.0400211660721 74.5993164655379 86.5442503530065 22.6111040445152 28.0541163633279 27.8432921009678 27.9590462363846 33.5558342882503 46.5572031837978
19.5384197257361 31.0122178176615 37.3257783768084 44.4039725471514 53.9857921846905 71.196788171041 16.6688304581942 29.1320336807565 25.7324977150083 25.0372189713774 34.1817244464014 39.8644628591405
18.3319448688949 22.9871276937693 32.1896379588447 36.4000747959616 44.5483575046755 50.3518133068762 20.5379078779422 19.2381119130802 18.9763092956478 21.9501236683718 20.4299593917892 22.9966407710468
19.6090745063029 30.4163398478589 40.6676026535779 54.4413103750238 61.6741536840384 75.3110676297355 17.7872259362194 20.8894956357584 27.2894221052634 20.5830524261933 29.2956173874253 36.5261202422727
18.8158934819841 27.3060480364124 35.1146048573084 43.1601888724417 55.3189006264569 61.4608779755577 20.4876566178866 15.3832810482242 20.7256420684949 27.702704171008 21.1374939862201 31.6685912209172
19.1907678609116 26.8215813805454 35.7286292465765 43.7828591230013 50.2266614073776 64.1679800788765 21.52164836598 30.0431202605412 31.6817980889977 31.0780959998696 45.340049031865 44.1995111728222
23.8553695432623 34.080436894527 37.3989255550359 44.7195083059864 57.2833387677768 73.9794007749293 23.7830365433417 28.7069073592587 29.6648621282435 39.9244073827561 36.1221797290236 44.410458079905
22.4017992007465 32.8877454522071 38.7226955216739 47.5023565356399 57.3818658685796 74.3573263100384 14.6320612966084 19.0183409554146 26.0782337469174 24.0100787633641 19.353143286222 37.7106116766909
29.2022596414762 35.7664503638257 39.3283441066032 50.916156334678 62.1577519704398 75.1010092359662 22.4957107101044 23.6381988907141 25.2519581362438 31.90636593026 30.9059993394475 37.0531456562032
14.3660668914667 30.2877807906233 38.6260096567921 44.8165264956722 56.6685311885359 75.8787389865018 19.628030753126 23.833140990805 26.8832468177114 35.6671631506058 36.9951150137637 43.3005052740657
19.0224552531063 30.2102895448854 47.2340610708072 58.4836973250006 80.2610798391195 95.058156715081 22.5609738845119 19.7272130685422 26.5446774471102 31.1744963804657 40.1030606026075 44.0767169854669
20.9473635871019 26.7300480983087 36.1762672712954 51.9796852045144 66.8693669409912 76.8904881708006 20.819222920852 22.5118570975275 25.1584815710847 29.8901349997432 29.5275234157005 40.1226237531745
13.6164710708139 29.4929608088123 33.4053476579149 36.501616999436 54.190663275215 60.1979260884415 18.2997478537854 19.2097990796818 22.6919381225548 22.5613677340001 30.2005169234901 25.409345716143
25.1315735493987 26.527281972451 37.9144498005821 41.8173087515734 56.0539226516667 70.6897186874635 17.6896785509314 18.3158270027353 35.6977579368929 30.0817345163495 32.3503151899944 40.3624737539944
21.4351254720927 24.6096752893502 31.2113859965084 37.8571880206644 44.4807602550434 57.5575141731797 22.6579111067313 28.0624786484474 27.5670749388135 28.404963785595 32.3701280795941 37.9377853332607
20.149068211166 27.6536225638968 26.7140127564109 35.4479454444383 42.2128173593424 49.3371745919964 20.0363990001413 23.9363904071938 27.1292587723588 28.369993107622 27.9652190545713 31.1692857498769
14.4975637826208 25.6819638911887 37.2427576233775 50.2532648459495 62.9717596352959 71.1591683685325 20.2375434830142 21.0805632133201 25.7614418017504 36.5156404519576 37.5290838385443 41.6413744924884
22.348991084918 33.8584498487353 33.8504235621684 46.0252109095284 53.2026449901346 65.0524017517219 18.4498110293675 21.1327301431088 21.553657044772 30.4642299233471 28.4900829123866 36.104098240993
14.3480416167634 24.3041811848166 26.6129456501747 38.343922431877 45.0077400245341 53.4304728596035 17.8986532734584 22.8055712629981 25.8840723950681 24.5862285713105 30.1480354188356 27.0022766109913
12.1492568576226 30.5833723009102 40.2936205032243 44.4287787707289 53.1437864134251 69.7030958266374 20.9718295022537 31.8925320120506 30.491180962332 30.3820986650825 40.9049459210307 43.5280444478558
21.7075190636614 24.1226271794253 34.963472705158 37.6742072355198 47.4135845972448 56.0745706770607 20.8892365187555 24.7677485475205 28.7786690505453 27.7882482396215 31.3688284443844 37.6721305912023
22.582289431072 34.1081298693546 44.8093254050206 50.4568748206952 64.3463356068732 83.4639095714033 26.7016521510065 31.6745830107012 31.9688747094294 35.8804891539967 43.7993221030909 44.3675031552634
12.9305837278345 26.5739969357544 35.3607496649664 41.9725168258193 50.1862847019484 61.5915801108825 13.439379113977 15.2506829233779 17.4608608734023 26.2805400026708 25.3071236913197 32.2555194518155
13.4303931377845 18.6950292159675 30.3541098583657 35.0548518861689 44.7738857286127 59.1786953636467 22.3048415033552 19.058229937873 22.3693731667741 19.7456644801209 25.549241149187 28.9227107444423
16.2835618716215 27.1956435129484 39.0007592893646 45.4703435178837 60.1879052752971 71.6927817261821 19.6825092596715 26.7195905293168 24.2200251650386 36.4689472178355 36.9690314324109 44.587336261442
18.3753741996866 25.4568003760702 36.0655315832739 43.4265059678616 57.161025907072 72.4212710982871 19.2168135023837 20.3601906720454 25.6274113987012 27.8941997902514 35.913270592318 35.9583693999609
12.7740707696664 22.571777646776 33.6227124531125 40.9560568099881 49.443592790623 65.3548789028303 18.6579921809918 20.6692043596983 21.9723162870199 20.780563080646 36.2881909180246 37.3942243640283
23.8225234763718 31.3070608029302 35.8181204707166 43.6116841386787 52.0272277834683 67.4116909874449 14.3703736936794 23.4787631876012 27.9644798598593 35.2649023625374 35.8930829593141 41.4478857734532
18.6444312143241 23.5660909750557 31.4962013090686 37.340916298619 52.5930904843458 59.5482092785008 17.8002886589659 19.3163841787145 23.9523496752784 21.1398061106284 20.3428562334029 20.8511073187476
16.8698264009319 26.4968361063208 31.8289367334229 37.3694670646304 47.3680059051925 57.4521877751863 14.8292392590622 19.5487028907262 21.3201047057365 31.906551387933 24.3546493305955 33.5488108491948
14.4603973572978 26.7017350914552 32.6217164627681 45.0552125104517 47.252818252518 64.7614148674905 16.7459189579155 25.7842759728706 29.2562322028837 31.3631310040082 30.2656280251263 35.6283440497311
13.5052602096021 24.2170594460388 33.8250238817868 37.6269993217097 52.7135971821272 68.0175520469709 16.1336571560069 21.8675571566525 26.9170337393671 27.4375435866817 30.2830091887644 31.6861480715513
19.9299480191479 25.209453771606 33.9275867658371 44.6118335957312 60.5586558873382 69.2938862196809 21.5896070122589 31.7767324593949 28.4152391087612 34.8196531716737 35.4312692486396 42.61452076694
17.9592339528785 25.7009269916677 30.0974662188883 41.6882329112735 46.0591191408567 63.506253729131 19.6600329289248 28.3666609091633 32.3974249863288 34.6492932555381 34.2891792650794 34.2108320192934
18.9317483340651 23.5120380887541 27.3787052838366 36.4748431649018 48.2331703435861 51.3933832238066 28.1343049621859 25.3165142897214 27.5686151935938 35.0604542592841 34.585110660778 38.4088906705443
13.8548833328667 21.5375595672647 30.0442818808043 44.5648980615357 56.6123758310439 73.1798251867783 22.0859281773212 16.0095547302507 21.2684353617811 24.3987975297268 31.8152075429719 28.4464151059191
15.8290549885262 25.9339832406547 36.1665214192684 50.5036024284008 59.3257043820759 71.2857216318238 16.9078134832942 27.2735489158148 35.1739604557314 32.3928369319858 41.1272807542961 49.3381471256501
19.3724612667806 30.6734212403361 35.0390570173837 52.9945654569931 58.5391810247618 74.5401889311213 16.2080743590406 14.3529222270752 26.2371802903404 28.7547140195027 27.3530093271007 33.1256466972516
23.4806302510923 28.966603240302 36.3322598617673 46.8689041812112 56.0135923294133 71.3119158573694 24.8503780807975 25.9822345291269 26.7209646730347 25.0606489642728 28.4981408340916 36.7849476163591
30.4171875976497 29.9304953408181 38.4774716937692 43.5515151978783 61.0148139794227 73.4983344452773 29.3400411525103 30.927920221422 31.7772089337038 32.1227986787967 40.9850529259718 44.4923787603396
17.956007780587 32.8647403094887 39.7704078977621 43.364353514195 64.3864753597916 84.5418828672793 22.68139052749 28.2708788987626 30.1085474292811 34.059084986151 37.7610868139818 45.2605314336811
22.0214237438623 34.4973264582512 36.5827919948786 46.4885086649792 64.2567091734914 81.2621266651356 23.9880867175502 24.2710148619906 28.2368592963365 36.4093348052711 38.1950892354516 40.6544926356162
24.5750728758138 25.3728884457624 35.9395491885618 50.2205748246518 65.1712134061097 79.0710712732464 19.5967093100793 17.9443787958006 20.8650773465911 32.1671865288967 35.2018940382873 32.9592228989154
19.7507056591856 29.6180032511037 35.4231091294005 44.6008586329021 53.7807290317176 75.1485389206347 22.2159688788718 24.8259387347863 31.5120757633836 34.9902395951151 35.1103605113505 36.8392885150309
16.4809712099871 30.0567186969387 41.306139478321 48.5959214927166 62.3661504227139 82.2071549949004 19.6282168523939 17.6129518397052 26.8558637112486 30.0328351034114 36.9500402916005 39.4170962576903
21.7805399090519 34.0242867138191 38.299931446393 49.0369586683806 63.8331427844711 77.2628802191001 24.5069300813221 21.8588421421012 25.4789997458493 32.7450664357257 31.8334767817496 35.0294857583627
22.2079955637048 26.3830314917278 30.1095809676299 41.6877678373074 51.0881777436577 68.2192773591644 18.5298459344158 27.749981929754 31.1208378289525 34.5378844496631 30.6224176976021 40.0485823809267
22.8131788811284 24.814966518965 32.3991268933489 44.1811612041888 54.0014631530789 63.5806541297573 19.2270629350274 29.396179342521 26.3728261388753 34.5381880148102 40.3469608627479 38.6889566106357
12.7588250834006 27.5781178224694 34.3139553792224 36.1139253083919 53.7213168783502 67.5200919924718 16.9212858136343 27.0785981040476 27.0350502831768 27.3228542569145 35.851590024414 31.4344345093355
23.9901681839581 31.8851004699634 42.4422170843383 54.3131529685381 67.1364424761541 81.0594794801159 21.1290650081429 29.1073989534267 26.4286933119769 35.9515700661312 41.7435469269547 43.9844400150897
20.4680412171088 32.1650197505216 40.1759078720051 47.4943794390032 62.5327903990309 76.5591245581612 22.4304389807033 22.4295899709546 33.1246306691859 38.071942451906 38.06385535866 42.2063842515714
21.5478439005105 22.4507663523403 29.9116058509596 39.3108000794705 48.0988362329708 60.6154744559056 18.3901324268893 24.4345174771107 26.6724899695111 31.7345245509519 34.9164449524541 35.2839476354411
12.2321022904125 24.319566518961 30.8453053681483 38.8468395372113 44.1403796790578 54.308821444589 22.0169889559425 20.9324448644599 25.7058464936762 30.4720102907668 32.7023983598099 33.481438852259
15.703438491208 30.3958392945531 24.6704852910311 39.1757137778944 56.22962998667 70.1319239596819 21.903222301721 27.8212036031994 28.4012448686433 31.2120770749137 31.790684874091 40.4209402160204
18.5520343208732 24.3141335246947 30.6575195060399 39.2756572723072 54.9192297378542 55.8419384552877 23.4731032454018 20.8030341483598 22.9270204929458 26.2414665017338 25.9778442336167 31.6790170508034
20.6619009198173 29.1452993905032 40.1940231735889 46.4519025247926 58.7983884907235 73.9386791632383 20.6234267136074 25.6131907016903 31.3647094260446 26.4155858080226 30.1533110588619 42.290028642602
13.712809687482 14.5965956048813 28.1316263869806 34.1407903688342 38.8443760645033 42.706885049923 20.0566907024632 18.6617836357854 19.7625491883349 26.3656333204181 31.5946366760946 32.1994100238715
22.2981917781656 28.7302088576845 33.1297042954858 43.3948405046681 49.464664365055 61.4751611706054 19.7690002262557 26.3316587287656 31.0017142098238 32.3847813986505 38.2420770592163 37.9771613182173
19.3675411608675 25.0216574667473 37.1306448221183 38.7516101912308 43.1132784191463 56.7316851376807 17.8522229884007 22.4137591682836 22.1660236977617 24.827150690536 33.1312064151679 30.1076429470565
23.3914969284673 22.270532340571 32.9859822362284 44.0930132939777 56.052421238932 62.7961790977633 20.1600252795434 26.1160802424339 23.6504840504944 28.1578361779679 32.2476823038889 32.8078725844647
25.3979451235232 28.8140010383019 35.0350193898945 37.9379080653697 51.6381256349604 64.9978913974746 16.580315977962 26.5669791068204 20.1024095147732 26.9184848628782 27.3631463087329 32.6934816642929
27.9172361472675 26.0864422875056 36.2006950631078 37.3024989360135 49.2166263945198 61.2184146556876 20.6868248013523 23.035412146662 28.1151255887795 30.0638139087109 34.9917259382935 32.4873310497013
17.4654416590082 31.7098302282933 38.99918008706 57.2062665986986 68.0371704523296 85.80087538265 20.0240051883399 25.8274911586174 33.4024648923734 38.7936321445296 41.5257538200566 49.7936343360791
28.5032579973786 31.3061290137498 39.3769706581303 52.5268308377155 67.6304761392553 86.7571865009366 19.3337751049223 19.0352358330235 23.1661798549402 28.9004350405389 33.060153542325 43.6670465161134
16.9916386824927 25.9294102610478 32.1653307827224 40.5361400605771 49.4653221797175 61.8797092802973 16.7189513017557 16.4662920471208 23.0542573089178 17.4912771272056 29.8436681889509 30.3037917007863
21.5940317674614 26.618957099182 33.8090038497952 38.4391485739709 50.887842596254 60.5273982135969 16.581116822309 22.4561283014668 21.5207172379396 30.6419499735922 30.7690112974976 42.7992129773348
19.1673393778307 30.415656198775 42.8764956637943 54.1459457075533 67.9493570911247 85.6967136837196 20.5452314401488 19.131973250709 26.9879336394769 29.1930044659219 27.3416043029499 38.5154468515153
18.3800751565676 31.4460335401221 31.6102179208574 41.8012019484033 45.3577068140613 67.5761609365612 18.0904107295427 23.1930614402684 26.6386783475515 31.7079148619273 36.2619929290343 40.3677359082026
18.878003521335 18.2780533874519 36.7548750712933 41.7801885477192 54.773740182529 68.6720701149033 20.6476333445707 33.7445116889586 32.7069243413407 35.6399163390116 35.364114603488 39.2477838130155
24.0015703459075 25.0570634832506 40.5566357933144 42.342635900666 55.6836446155461 66.1177254011719 16.2493002994898 17.3062692157714 17.1637701465021 30.0397307222094 31.6329399559923 31.8465158025237
18.5588848359418 27.873167307597 35.4653444450429 50.1405117142893 61.1066762938592 81.5705206032798 24.803854965291 22.399734069377 31.3414939899836 34.4890633040756 42.8517883806708 49.9390380667529
12.0823347676431 20.3115196758683 22.6976175541625 32.8395546093971 33.213087834042 41.7628283135121 16.6471327863993 25.0870278884237 19.1771482282468 26.7258029478601 26.6044856670821 29.6838436200928
21.9125660092273 26.17990520862 35.7390631515453 44.158976793389 55.0896128509047 66.129875695697 20.5548503224274 23.3699991777166 25.6706081131058 25.9322825986795 32.7909166645974 35.8456803514494
12.0962592181307 28.9483021370134 31.997356248669 45.1390058535409 56.2663469265736 68.2180117443187 21.7391571552343 15.5711889136642 15.9774180835092 23.6883916861586 23.1968807106112 28.4416256816398
17.7801685828706 27.2787894059009 32.1031713886401 38.8777973289407 55.1170085568292 63.0194766909885 17.1191623765476 27.107407041171 27.8691155065575 31.617184020617 33.4302893369811 35.5022042874997
25.3467359658142 22.2498803972431 38.2260128047092 42.5566413337663 52.9859336510664 65.7348122026638 23.2397263760185 20.1696764892634 21.6827795715424 27.3556111657628 30.9949425382988 32.5635515186881
19.9974620968412 18.4901467510822 24.4762032372183 28.1078827168366 35.5518426298247 42.204392623313 23.8381792706343 17.6968964868547 22.1541327589018 26.0922759533198 27.5349571705273 24.8398713853777
19.2436051679994 26.3229619806179 35.3113500062743 34.4550425359084 42.2189116820363 61.7622207099334 30.3712098176167 21.0289568034962 34.4394410068053 32.2274354747966 35.8206966643915 39.2781367782953
14.7669467142399 27.8089222318822 31.2694351774171 42.0630639800902 55.2342835193567 69.1193239527254 18.5244809839452 22.7778945293864 22.8286228659135 23.9355894837722 35.357140470625 30.8957657788198
13.6420395636166 30.0088695588258 41.2327664853954 39.6030071359959 53.5535356281627 68.8777611704605 18.3068624018307 20.0425828626314 28.0773682278609 27.9234485691181 39.8458880315928 44.8408916287123
26.2081423565339 27.3724519109278 41.3293818893236 38.4436915226171 51.6165529319432 67.6378194128573 28.6470489394396 20.841046327493 30.8850739255087 36.3934973880833 32.2575735263755 38.6627859025187
17.8752838195057 30.0335380521276 37.1170858316358 48.6762308489434 51.7396717371146 72.3843539622896 20.7579174520728 20.845709988258 24.2710237199242 30.6901622656833 35.2011019641068 37.0227565354883
22.7592433962281 33.755385231098 42.0551987446973 47.0704837563136 57.6133352321923 70.5272935648469 21.0872633088457 26.8378418778292 31.0766238153215 24.2656522443541 36.5990139976699 42.6777930231927
26.1046665080085 24.2704442887895 40.6261135146862 45.0412389684508 63.7670427688053 80.961063941455 21.7817181788619 23.6485064948276 21.2890895581293 25.8340363566898 31.2028984592757 42.3001069750549
24.0176204971117 40.7040760708027 33.0866607874103 49.8532704910433 63.948816030371 73.0775066990874 18.0397338087167 24.5704910106651 29.7509216907314 33.0478055624543 32.1106054268719 36.5563724544558
22.7667256946518 27.416958360555 33.3128018863431 50.0271552721573 63.1826904298477 75.3916650974044 21.2488656671507 22.8634673659691 35.2766246323592 29.9883160659383 38.9359555054495 36.2563791472871
16.7362894983476 22.0034735269848 31.7368164369959 44.256864751465 52.1347318405213 70.7532820488633 21.5693646649884 24.6747966130779 25.7227304356831 28.0724520973353 39.0955138024888 44.3177485527489
21.2989680274461 23.7930925945852 42.5105958677176 44.543478295061 49.8788082494686 68.8276807172744 20.3250061323497 26.6170856309515 27.5056352260082 31.3076836314597 34.7285623419938 38.8481334405253
18.9457386192935 25.0081174810591 31.3950969483273 32.8409910295951 42.9440613360296 63.0858754411466 21.8302882136621 24.1266323875909 30.7153195776903 28.8989579156561 32.0190178242309 37.757620808472
24.6059151760868 28.1361794896336 43.6840099351788 55.6086225393157 64.8799708518041 84.4098267091469 15.5313221404065 12.045099002413 23.6534468206747 22.1684918893676 33.2874107391713 33.1467736353055
19.572283514552 23.3368409433658 40.949671899502 49.9850737755354 61.4468802405318 78.1548580371967 24.3190869808715 26.7325577186153 34.8668971733713 30.2288089238265 43.5461828252011 48.1655177792878
12.6930700805069 14.678588978535 29.9900779355581 36.648425815424 43.4252374203621 52.1381021354756 22.4202266570137 26.428288345658 28.7119374372518 31.5539329690346 37.7889969904378 40.5014892267847
24.0334107425623 32.7119125754004 39.3368713459916 46.4110421318683 64.9552377075391 80.0208713226639 21.3788539834649 21.6573374541072 26.1791732078684 36.2468239117363 37.1018694703713 39.7637992453159
26.5237278103391 29.6099281487865 36.3403082597463 49.5794747700923 57.5196034357849 72.9969760486746 18.4784844150516 28.2198361806937 26.1005653301896 27.9399468078775 30.7398856942162 39.0302393864483
18.1248515020828 26.8211493314523 35.5427739170786 47.9352227838468 63.0720225282602 76.1205641490729 17.9606382942729 25.6519198076546 30.6881687033922 34.3961634397771 41.0747357213469 45.0204528958863
24.7273944802238 26.3871661157977 37.9065034881439 48.9474383965845 58.395491880836 78.0937247526462 25.0605853965518 22.0453389981525 26.270741843286 32.1674805337945 34.5223202937099 44.7831761669155
21.3430555029852 26.4754563578648 38.6091144948667 39.2907365535914 55.7628103291054 75.6863635076332 21.4926282761065 29.2072178265249 26.9495614069466 26.7242693136121 38.6073653255953 38.4958069307027
19.4291359946313 29.8257220143028 35.5108273386168 49.4059405575442 56.6159722792825 69.5424686050396 19.7061087177664 24.7526478577289 27.1554141165759 31.0146461558839 39.4488280151193 42.8177318046763
21.4992091498432 31.4256117409494 42.1380305534281 51.1336372570935 66.4978413762211 79.9224877471347 21.4403264518344 29.2061918478715 28.3975254843276 36.1701487417637 39.1849246651434 47.7522070090157
21.9434639583091 23.7956998955384 36.3893360315999 44.7576823058822 52.4729324338738 61.0575561040371 26.0355800317979 23.0554015031735 23.9664211260861 33.7270994293407 33.5402684378346 41.6496306986046
20.2625260429182 32.4640717691903 46.0308036408489 56.4853627469652 59.6379492143061 85.7711417822056 23.5692134262554 18.8414689084746 24.3042097739341 24.034357032093 38.1998919020706 36.3201814668279
25.122570636259 32.4646897179129 42.6811898446705 54.9230118473435 72.7369589577213 88.8653514567767 19.0294711478162 24.4262290948395 32.0529452798563 29.0313978276327 41.6060675166837 42.5810276479278
19.1405096056443 28.5810345081673 31.5296878766648 43.4534354359417 45.9575982924883 70.4357851615376 16.3188026759049 20.3532790309531 23.021576856902 23.076070482005 30.0502161460323 34.6281546898566
20.0529221530333 27.5009709752211 32.8600568926347 41.2613051484512 53.4153144223528 70.3584048624825 14.2298303182189 19.4787117858765 27.3011515910305 20.4674340754382 28.623342508268 30.9176718234985
20.9982229563117 24.485842354195 34.3483760640352 45.4824955569939 55.2892505142167 76.4301636970946 22.2733525339248 20.2091044795605 30.8936151759705 35.7045458299035 42.1270453540872 48.3743950985747
22.415006909524 27.416591674654 36.9094019900828 53.0275537284342 60.452422833767 71.1918733799542 23.0259410592387 28.8638286672807 33.8035418083694 41.0589814591576 44.4368779715692 55.6535261799815
21.3530096089787 33.9146810871038 30.9180655144107 39.062937215181 50.234536084013 67.7930490052848 23.0658918262044 23.624134179226 29.3721530483894 38.3533754570117 36.4926735297706 35.5387183639167
20.3623647275192 29.1358757497383 37.2732852293301 45.1993936829887 63.0393872575668 69.9861996747553 16.750600488391 19.4693127040152 27.0449730240118 28.517481046174 31.9398115642314 36.4758864087136
16.6397300385516 26.689626798409 36.7245026415671 37.225048791911 47.6956446997469 52.274396287783 14.8703291436465 21.2540043663513 19.4064300145503 21.2526877572225 23.2988195291642 30.1588640469493
15.9309629519989 23.6790254501681 35.3258261460097 40.9736455219413 50.4823885099461 62.762899000947 20.2199501123257 18.624130816924 24.0023926162673 27.4051693225675 31.4596066258191 37.0744002923651
